Item,Price
Motor Y Le Ne K Fa E   Men Women Winter Flee E Bala Lava Hat Ski Hood  Ap-black,"₦ 15,990"
